26;10;2;
-0.03584261783081743;0.496526939806715;-0.26785600130867304;0.2849262600300353;0.4189016875102919;-0.21051270287456167;0.008397068523435277;-0.0983255959940475;0.7132459523498382;0.05993755739897281;-0.3453737524274638;-0.6522248829042365;-0.4937583737871803;-0.529651859641374;-0.20361387577207768;-0.4494529345246468;-0.3300686203420141;-0.45504370348718304;0.01818577265260984;0.3683193420616757;0.4266542148164068;0.09684079733326308;0.009273698672001283;0.38698335723632593;-0.1832144363407726;0.06327576630992471;0.008533310124849211;
0.41665077949396334;0.041100532619604696;0.43167576431077787;0.3296212517674136;0.26270129195656455;0.44969525928039406;-0.20211032242287255;-0.09489952636806148;-0.30426087325865364;0.2441522562236162;-0.26320415053494156;-0.16037838074449473;0.2003726181775144;-0.513472662126379;-0.1892262004548717;0.24873320928390133;0.10127608699646287;0.03524027748418262;0.2444836239039078;0.33941641851048443;0.18372190158298252;0.03908367107533299;-0.23987506276116066;-0.09359433797028056;-0.3110464531545527;0.381666181443147;0.2676834569084844;
0.1424702124674461;0.010949929759065028;-0.13308947414870773;0.14631291007517527;-0.10075460345217133;0.45092392181704993;1.0699792543805624;0.9204666801175857;0.14151540274577798;-0.04509074921547441;-0.5805778263279963;-1.3261242451006705;-0.6500465863536476;-0.8045732678181998;-0.5414910784310767;-0.03225749611132831;0.19705501494276162;-0.26869428202329715;0.357098114030198;0.10900952610467221;-0.4439399471826345;-0.6043983281931284;-0.3170361990578159;0.05138202123080387;0.6156140088333452;-1.748369623398988;1.6773921944300234;
-0.14098951594971124;-0.1258292216426381;0.3334371498473351;0.1282696285860426;0.24541750241911525;0.07864444600961529;0.4852207135631991;-0.08762293554051245;0.3234665646992104;0.534834030541416;-0.17167911394016835;-0.04203179051828763;0.3847107465387283;0.04328756349423851;0.2710219810763162;0.4196214932814278;0.2055811991164086;-0.09692508091574328;0.2841509928703475;0.40994272575543356;0.10254091094503053;-0.2544401150699346;-0.34301788494862795;0.4475123332719342;-0.321033071828082;0.09090835234238415;0.28406508411898485;
-0.10485436943405031;-0.30498939655057916;-0.2903870660226354;-0.3133548194897034;0.060067255585494576;0.3291896423761662;0.5775211891711508;-0.16206372948159323;0.2284243619319779;-0.1750669780190879;-0.3269123680236858;0.07318957331198538;0.2981804385614159;-0.5066933639702237;0.21019840925538386;0.09914525682140161;0.061667472699102485;-0.4677923912217938;-0.2706064452199525;0.18013680992586042;-0.219419470120172;0.41782646527138295;0.23258668838631644;0.20822352614551587;-0.2863135129255574;0.611630350949312;-0.1666462770155047;
0.2750408835019956;0.3038602747516922;0.14955599661056335;0.28807835926625214;0.1462843418034795;0.26752673586560993;-0.19143785038091365;-0.27214191433829565;0.012607667772022942;-0.017682431191273256;0.3485514385451496;0.8638858958751693;0.7720122777712161;1.2583624979448154;0.6719868693064626;-0.36823738416918517;-0.903454732870095;-0.5947725630136445;-0.9445777310163086;-0.56946369326432;-0.08144465096544955;0.4817395141530344;0.15773399730073306;0.008761181648327985;-0.7538323873741887;-1.3108824639455152;1.704104280025649;
-0.5421938521115939;-0.23568747618215286;0.3576447718193738;0.10801923486760491;0.4641797523083335;0.32791767270215827;0.6782842606828836;0.10659448441204214;0.057267660469071294;0.4809747829807707;0.2536097747341892;0.19310256196057485;-0.34354540971139913;0.06496129255553053;-0.27783457009666374;0.3158594996247461;0.10902047532441791;-0.12032158383976715;0.27504048262289876;0.1475893176514113;-0.2666301525842523;0.3274338701668296;-0.2713538611902725;0.3476081158119165;0.017582602017185447;0.3884841508051047;-0.5684268969629942;
0.11676822062423593;0.32127291438790406;-0.12073487535992154;0.2747350665116901;0.7053361674158506;-0.25173846698555397;-0.14248272322426989;-0.6514767980186373;-0.478256120088373;-0.5933944836617594;-0.5768782776874417;-0.3269843928748953;-0.617235432995588;-0.7357378953170737;0.38865965689736104;0.7490638614817692;0.8369030480297492;0.5195514960521682;0.2933264093877816;0.16644950287094573;0.23078989371613268;0.01181096435578443;-0.08131502839025291;-0.0068872789528460696;0.12480717995840876;-1.012509911645529;0.7363124852655957;
-0.1882441824851729;-0.3975156001177406;0.12564963308804147;0.08677898013718481;-0.012341110291711492;-0.16576892789467026;-0.27594718887645314;0.224365844183572;0.016588543700915545;0.12337896958527986;0.3119214114988903;-0.4784809653369841;-0.18328788512780064;-0.4315472108305218;0.1787808595946553;0.12116505982480996;-0.024306568181787374;-0.06377710753107638;0.18619054318603;0.11883562924009822;-0.43487178144264743;0.2350073316007238;0.15093681889711696;-0.3143646031751164;0.08366666077082761;0.19007686320133363;0.5954844925328433;
-0.26085831943078996;0.047228514238175257;-0.004508601850381162;-0.2115177346287637;0.4160820694450471;0.29670715671016606;0.39496057557261244;0.09069831806837876;0.10622975782341022;-0.032213909089762384;-0.17138388294093262;-0.6122050210437798;-0.4658886185784211;-0.37705973153769096;-0.3458202768329354;-0.2795085069019073;-0.3563438720801162;-0.0882350029864397;0.27301228452114173;-0.29790512708467;0.1765341703492721;0.1682378654922911;0.3075117577597409;0.505001386205376;0.31904862672709383;0.3470505057426689;0.3816973504261926;
1.6283476107973807;1.4008260927653344;1.3385166090946485;0.935490733300124;1.0399072276578143;0.06370761999109124;-0.04814956126836857;1.0858696624526807;0.845244194577019;0.4795674354302215;0.9444753987687368;
2.16318530099538;0.8327525424569749;-0.2188477018990563;-2.210881159388331;-0.15171135267220195;0.4502481779099714;-2.246429551559925;0.6303396725761079;-1.7185631253147817;0.034292010306098866;0.49818872037115114;
